Ingresos Retail
165782;188414;181978;250644;177937;236601;210552;304952;216893;251753;233394;322080;256038;268026;245713;345696;266908;294358;;;;;;
104275;122555;115632;174074;116357;158616;141854;205892;143612;165572;155966;225623;184480;211395;202714;287486;205394;228564;;;;;;
95992;114936;107196;167872;108052;149286;125177;187059;126819;150977;133239;200992;141120;158095;151565;223096;144691;161228;;;;;;
;;;;29087;38844;25735;48465;36898;42385;34647;55952;39534;43669;43253;65894;46643;62196;;;;;;
;;;;;;;;;;;85866;59358;70888;66588;96920;67327;80583;;;;;;
END
Costos Retail
;;;;;;;;;;;;192193;188179;;;190723;205843;;;;;;
;;;;;;;;;;;;137057;148738;;;149730;158973;;;;;;
74682;84478;85328;120364;80823;105396;94133;132812;93212;103049;99796;144915;107385;115559;116099;157060;106938;115046;;;;;;
;;;;25074;24354;27535;36701;30097;31404;29379;46578;31441;34944;34812;53872;37326;48576;;;;;;
;;;;;;;;;;;67920;47447;53727;53832;73715;51901;57851;;;;;;
;;;;15000;22768;19948;32691;19606;25906;26844;40158;25077;30047;28029;40302;24929;32399;;;;;;
END
SSS
;;;;5.6;26.2;15.6;18.9;20.9;3.7;9.1;5.6;9.2;1.6;-0.5;-0.1;-0.6;4.7;;;;;;
;;;;11.1;30.8;22.4;15.4;17.9;-1.9;3.5;4.7;9.4;5.5;5.2;2.7;4.9;2.9;;;;;;
;;;;10.6;28.5;17.4;14.2;18.0;1.5;5.3;8.4;9.3;7.2;9.9;7.6;0.1;-3.5;;;;;;
;;;;;;;;;;;;10.1;8.9;15.9;16.3;15.9;21.4;;;;;;
;;;;;;;;;;;;;;;15.0;15.0;16.0;;;;;;
;;;;8.0;39.8;25.8;30.6;29.4;9.6;14.9;9.5;9.1;1.7;3.0;-0.2;3.9;7.0;;;;;;
END
Ingresos Financieros
67760;66356;64180;62619;61587;62022;64750;69626;65994;71557;69127;73728;76535;75842;76234;73680;73754;72378;;;;;;
63005;55158;52414;58651;46394;47974;48155;50142;54184;62113;55637;50627;58608;56721;57731;50667;53637;55293;;;;;;
57566;48247;42703;36233;38891;36399;43091;43826;44875;43722;42140;39854;40839;38434;38368;38601;40470;40125;;;;;;
0;0;0;0;17474;21967;41139;20365;23400;29506;24779;27471;28468;28343;28079;29219;28420;28870;;;;;;
0;0;0;0;0;0;0;0;0;0;0;18227;15328;14210;13625;15013;15664;17093;;;;;;
12336;13554;11483;15195;13685;15819;15380;19264;18068;19911;18973;22472;20683;22354;21637;23754;20935;21839;;;;;;
END
Costos Financieros
;;;;;;;;;;;;47542;48160;;;38853;33313;;;;;;
36028;28788;28211;30622;23041;10616;15378;15322;11965;16823;19856;22960;21998;21921;22470;17209;20508;15112;;;;;;
29484;30138;31181;13422;12255;9482;12347;9845;10941;9215;12064;11453;9806;7394;8349;8078;8260;7096;;;;;;
;;;;7421;15493;25390;9342;11397;19252;11384;15900;17122;16318;15357;16250;15056;13970;;;;;;
;;;;;;;;;;;;34092;10211;6942;1015;8124;5572;;;;;;
;;;;6143;5209;5473;6156;7287;7472;7686;7545;8413;8653;9896;9502;9305;7732;;;;;;
END
Superficies Tiendas
232242;237818;238137;238137;238137;243713;243713;240428;240428;240428;241262;247851;242765;250504;250504;258640;260992;267101;;;;;;
241016;217698;217698;217698;217698;217698;219576;234489;234489;237627;237627;272388;241268;371460;373168;377190;373331;374345;;;;;;
232820;232820;232820;237210;237210;237210;237210;237210;237210;235520;235520;235520;235520;248351;255370;252042;252042;258212;;;;;;
;;;;;;;;57120;55360;55360;55360;55360;55360;59785;62843;62843;89705;;;;;;
;;;;;;;;;;;160700;159100;160000;160000;161500;160700;160700;;;;;;
68430;68430;68430;68430;69059;68369;68369;71222;71034;71034;80929;86994;86994;86994;86994;86994;86994;92417;;;;;;
END
Nro de Tiendas
39;39;39;39;39;39;39;40;40;40;40;40;40;41;41;42;42;42;;;;;;
30;30;30;30;30;30;31;34;34;35;35;35;35;76;77;78;77;78;;;;;;
39;38;38;39;39;39;39;39;39;38;38;38;38;39;40;40;40;41;;;;;;
;;;;;;;;93;90;90;90;90;90;81;81;81;140;;;;;;
;;;;;;;;;;;42;43;42;42;40;40;40;;;;;;
12;12;12;12;13;13;13;13;12;12;13;14;14;14;14;14;14;15;;;;;;
END
Cartera Bruta
713593;687789;666680;741850;731807;767896;798759;888209;894885;922479;942105;1043718;1062622;1047342;998000;1014272;953839;935829;;;;;;
419306;383029;346281;362770;322724;311888;349107;387151;399047;415066;369834;446795;361963;414216;408115;447401;429526;412007;;;;;;
430649;379881;333699;360611;332716;347763;353838;392000;378977;381824;359549;385558;361356;353940;355968;391829;372069;375521;;;;;;
;;;;;176606;;155577;173109;176396;160671;175602;166641;160313;154703;172878;166563;164653;;;;;;
;;;;;;;;;;;118015;98889;94381;87281;102229;100669;110318;;;;;;
73610;72796;74154;90954;86061;91273;92404;111358;107921;113552;113792;131351;123438;124058;121007;131726;120447;118918;;;;;;
END
Cartera Bruta Total
;;;;;;;990935;;;;1174274;1180109;1047343;998000;1014272;953839;935829;;;;;;
;;;;;;;387151;;;;446795;361963;414216;408115;447401;429526;412007;;;;;;
;;;;;;;392000;;;;385558;361356;353940;355968;391829;372069;375521;;;;;;
;;;;;;;155577;;;;175602;166641;160313;154703;172878;166563;164653;;;;;;
;;;;;;;;;;;118015;98889;94381;87281;102229;100669;110318;;;;;;
;;;;;;;111358;;;;131351;123438;124058;121007;131726;120447;118918;;;;;;
END
Cartera no repactada
;;;;;;;926699;;;;1135019;1141444;1009856;953845;954962;889197;868038;;;;;;
;;;;;;;340384;;;;411778;330941;381742;374965;412661;394669;375159;;;;;;
;;;;;;;326188;;;;333542;314746;308281;312884;350324;332274;337101;;;;;;
;;;;;;;134347;;;;154046;146569;140243;133628;151169;145610;144536;;;;;;
;;;;;;;;;;;75527;68174;70887;69197;84974;84401;94113;;;;;;
;;;;;;;91386;;;;109909;100284;97672;91510;102916;92589;91913;;;;;;
END
Cartera Repactada
;;;;;;;64236;;;;39255;38664;37487;44155;59310;64643;67790;;;;;;
;;;;;;;46767;;;;35017;31022;32474;33151;34740;34857;36848;;;;;;
;;;;;;;65812;;;;52016;46610;45659;43084;41504;39795;38420;;;;;;
;;;;;;;21230;;;;21556;20072;20070;21075;21709;20954;20117;;;;;;
;;;;;;;;;;;42487;30715;23494;18085;17255;16268;16204;;;;;;
;;;;;;;19973;;;;21442;23154;26387;29497;28810;27858;27005;;;;;;
END
Ingresos Totales Corp
897725;912987;888849;1098035;952803;1102659;1052418;1280359;1157759;1232968;1212104;1514348;1363000;1435793;1402067;1710635;1481980;1580118;;;;;;
1348285;1311672;1337118;1515343;1378317;1487709;1511087;1817602;1738634;1807214;1863268;2189669;2168909;2197784;2201736;2580648;2468439;2508008;;;;;;
233548;252936;237805;172598;195172;250340;226077;303931;227268;260506;239557;334924;248253;273555;267849;364341;259603;291795;;;;;;
;;;;46561;60811;66874;68830;60297;71891;59426;83423;68002;72012;71332;95113;75063;91066;;;;;;
;;;;;;;;;;;113260;81066;91615;86524;122705;90557;104486;;;;;;
29510;35315;32630;48906;32223;45917;41370;64401;42968;54256;53014;77275;52444;62514;58831;80041;54081;66458;;;;;;
END